X1,X2
0.1031291249512158,-0.3594287342625848
1.4986437792355534,-0.15824940382433406
0.450521180169589,0.7322794546046982
-0.8960774777538447,0.805959109402915
1.9807257948563497,-0.7359852694468187
0.011820783340072232,-0.23994491733221746
1.119836968126235,-0.7640902383458061
-1.3230728165428274,0.9295023278869654
1.3291498797893262,0.9808238877434186
-0.21906210003782525,0.5172359599583647
0.7630749247854249,0.7954933950531773
-0.24539813553442788,0.049724560848010135
0.5299568944758065,0.4800804854300562
0.7785095008798006,-0.7143266815619571
2.3359422874325935,0.49954940737020515
0.10462635037928347,-0.17094624974405348
2.146169918450383,-0.6893988012635923
0.16954235283152305,-0.4019170831845027
1.141635267864111,-0.7148962425808365
1.527150625361418,-0.5476119450398285
1.390705288311104,-0.7448285455986088
-0.621320069634645,-0.8800653672514864
0.9533490044665603,0.6610250635160264
0.11914993994698456,0.5448381051060252
-2.5387124558563325,0.2903847495759686
-0.42201524979001503,0.903826828010611
-0.38888809494945176,0.5884227687604611
-0.2818209782801313,-0.9196437881871242
-0.8726098407755658,0.8444396959412046
-0.6340205806691268,0.2407077094342558
-0.1587844918398967,-0.7859838452369659
-0.7571521081585831,-0.6102915042496948
-0.254978609532635,-0.15087374119662122
0.32848988705003856,0.2411874813738104
-0.8803560066866962,0.756733890778704
0.07175456951597883,0.3112647258700867
2.342434722794528,0.2351303433335865
0.4654311426657685,0.4305336253120424
-1.2477497492978196,-0.764027748763934
-0.9301745858964111,-0.42090155089213477
0.6261136673106112,-0.1553749622623939
-1.1401957697048257,-0.045293076455632075
-0.2712892061319022,-0.41107534673818824
-1.2416745517709589,0.20650750941155027
1.0115385880935177,0.12068762569359048
-1.5983490037630292,0.2661416768314473
0.2535275085242809,0.3858002695432188
1.0735893975218798,-0.7455581116006749
0.17331403686418506,0.8051357750376007
0.19231609839919325,-0.4501630926714115
1.0068561807196683,-0.314344074928282
-0.49717872764722737,0.883985954959176
-0.5262706996660772,0.25689986597916636
0.6208568571445409,-0.8499885655004351
0.3466302411549383,0.008216146892666698
-0.43101581464009414,-0.06690549731300033
0.20606077749071838,-0.4292549553605476
-1.2901230734966282,0.7991183587640707
0.6270118162991519,-0.11746652806455082
0.6779855201545426,0.6652511616887289
0.6406094799537025,-0.2764941195389916
-1.2130477291419426,-0.06324641536323017
-0.7161599035386831,-0.9686628941905067
0.9749856966134827,-0.031120483392467646
0.4467382875444864,-0.8949428234033245
0.8896980759720134,-0.2139879150666124
0.621260692199594,-0.5074934889867684
-0.9874265448914675,0.7389779478342187
-1.831837442893875,-0.3631526808288261
1.0620691724412745,0.5636136408959933
1.186986174584566,0.19137404633293897
0.7973291569001536,-0.14881863268840734
-1.6898016128252038,-0.8887501936088504
-0.14486496016150774,-0.4763954122991718
-1.104262993366107,-0.050478411441845505
-1.6233759508251893,-0.3059912541054881
1.011287994718336,-0.2074718415244512
-1.604252256134741,0.44888976539692726
0.01519564198601707,-0.8943163751111531
-0.8648467853338772,0.9698649645201196
-0.9412539218669778,0.8398443867590082
1.3472797521679765,0.40731930237158087
-0.7184265218880109,0.09051919943168718
1.911420093056854,0.1613020284737987
0.6925599367385568,-0.08499593950172213
0.2702381230116317,-0.9974053890552352
0.06177894850547442,-0.8470971236996996
-0.3401644992888356,0.4442563140641693
-0.8242301805372295,-0.8800760255317306
0.142275456136202,0.5487999696090577
-0.6051064769640355,0.9240319858019723
0.1515185496704107,0.5723024534023378
1.558523151307499,-0.7224387667882579
-1.0681572182321484,-0.34707320933460895
-0.42010874838937723,-0.5583431732978321
1.5802645599795924,-0.999554475565849
0.09950481648131532,-0.5600002581146184
0.5234393835534594,0.6448544134277854
0.5119554419296514,-0.6677986855738971
0.6817544595831834,0.23716473389716564
1.5075044639091775,-0.34191112151167924
1.4755770048913197,0.818011185448591
0.8108635685935642,0.46121200442212906
0.8364351858234451,-0.8331926086876897
-0.07231948397690696,0.8104716508773444
-0.032598938966379776,-0.06916210105946097
0.34511139901250754,-0.5635693203710306
0.17791320460315255,0.034794812862778635
0.15990460606667706,-0.11802105648957384
0.3508383346996166,0.2918567040892168
1.7441123287751186,0.8697438661638957
1.593907039875585,-0.0375803294575745
-2.750048695713267,-0.6408879906674518
0.4068915263059178,0.3137226949274694
0.032891006096771806,-0.7866539912699799
-0.04765798186070035,-0.624386019839785
-1.7447886528918604,0.890953160391823
1.3273470494290776,0.7325950000487418
1.3284873487654123,-0.8760603367245876
-0.9084712147918469,0.8810049010253089
0.8436364920926483,0.7391787575184059
1.6703061646852118,0.2905704326373213
0.708073803973746,-0.004881731279917201
0.8780483459724717,0.28379814236373146
0.5572200307359394,-0.7168499133007169
1.2224959749565956,0.7637466254092264
-0.1839481978074575,-0.008562016611137535
-1.0834603262172944,0.9921774417813121
1.6036158637194753,-0.2635805818592114
0.6920803525919429,-0.5679666079108034
0.1925006903201253,0.5934971567918699
-0.3728243954366558,0.3512187703783698
0.07599908189449762,-0.45052112783890674
-1.366361411450866,-0.5782663083392783
-0.19157343797508333,0.23902853674050317
-0.6209771912371945,-0.7460438814314054
-0.46615120054070736,-0.6444357346492606
0.48547821689968856,-0.129278012908711
0.10505804445848531,-0.2270839741152073
0.1426728384098759,0.04739123394464362
1.9624957686688906,0.9994386181252954
0.6939645655611122,0.8101557972590085
-1.8399068420313096,-0.4697614840981208
-0.10382572897133947,0.6335252509197553
-0.7095959557850832,0.5957303860581307
-2.376886636500896,-0.24858042640101918
-0.7224687886126714,-0.9918968614717143
-0.3755483379900006,-0.243352566988551
0.7300892516727003,0.385946559352069
-0.8685396252223919,0.5936253557580002
1.1168334867863654,-0.3872426538051912
1.460262527035099,0.028521736171285728
0.6642983882125657,0.011974366721850593
0.055021306125482325,0.09398758224903392
-0.47572937788242936,0.6541957821515589
1.6961137908045985,0.22558840273001768
-0.6598052095836017,-0.17173640439573923
-0.016042387884756357,0.8669455013066751
0.47502290290409915,0.25613082433974066
-0.7838227076480996,0.22076727140300556
-0.586258790584723,-0.16070528769443304
0.5696699533683464,0.9720673695497317
-2.4576590810844685,-0.38419158877362314
1.6709486894715238,-0.7061646931358161
-1.0286812072997533,0.2950971659698989
-0.3065445839337208,0.48873939327218685
-1.319356069397593,0.6497271056247951
1.812335837204784,0.4988899087134746
0.42361462889428086,-0.07333526868579221
-0.854920296443676,0.721914944830143
0.21332168009284655,-0.7727842388052821
-1.285113568075328,0.7135646322101419
0.2674791388986692,0.16250228097750585
1.3601475640131342,0.6382910183801767
0.8286014794180688,0.749350920309094
1.5421231407355547,-0.4028955388168496
0.6330719005657025,0.5037892397601522
-0.5055288287174631,-0.11626562485056313
-0.38032583811151915,0.8580425324088357
0.4791740422166513,0.8122594389704083
-0.24509019361027926,0.7687074633122848
0.27536170265510523,0.21362059510337028
1.311438882809032,0.9441056757546793
-0.4536963256341059,-0.08378609900763534
-0.6615282069608348,-0.7197839590254731
-1.3649053327707874,-0.23005677960457893
1.257237479510691,-0.857860248431418
0.7735104919208636,-0.23398934659212678
1.353595006527178,0.08251659008534817
-1.410023478592806,-0.7018569532652235
0.9121152729324377,-0.31177401411658145
-0.4455092293157009,-0.9918816255829175
-1.3327779486397069,0.9223945803321347
-1.6068347752772416,0.2239838123675284
-0.09680168889334663,-0.31428959786052935
1.361514331928198,-0.350166448251064
0.6247007160202723,0.15792121486011235
-1.291850268145232,0.38719200375013063
-0.2886318571842858,0.46716645935643863
0.9725765147570128,0.6129755927295655
0.4428759252461736,0.26042087147674975
0.7223687901411794,-0.9814800549215648
-0.9247972607778884,0.3787326412943248
0.1991162966094807,-0.9756091060321237
-2.014806043679148,-0.7779356923211771
-0.450910899261827,-0.005823572042946923
0.07689678738782621,0.8759359619680922
-0.9003364371948042,0.3318077573893419
1.6434621519277328,0.7777333319903663
-0.5733771928446074,0.8418295604524249
-1.263543051535611,-0.4308407897286628
-0.9189636059442717,0.0711925805378959
0.053203121981671646,-0.4123293189816235
0.5364892541393462,0.05257465494525504
2.2779420371986703,-0.4820565193538433
0.07295280864128127,-0.8692019505514996
-1.3952121237682633,-0.4500349896807807
-1.640442258312436,0.8622386409472926
-1.9538507232286093,0.9770234933669213
0.48378692101622406,-0.9390831596237108
-1.8398149901954022,-0.43999470934479445
-0.5477707229400071,-0.9997869912375903
-0.07694526085616786,-0.2707334189410542
-1.6557972962982266,-0.24827890228589422
0.01830449877459585,0.10218952302507733
0.4569711733402322,0.6680140975758255
-1.3547556478001206,-0.6961958956518266
1.0858879651113074,0.09492871962849758
-0.3881574464478628,0.4402391795627161
0.1154458443441956,-0.1883590390065717
1.1818414714719507,-0.0636568606700687
2.5573593782692052,0.7823203319220722
0.24572565198315863,0.4050251292442846
-0.1156568290441548,0.04995357264086353
1.03734876511492,0.9927182418125238
0.11419194888732503,0.5064227669868253
0.519785971272966,-0.9646749473906726
0.5986215711720968,-0.884691651214077
-1.1490948224463349,0.2526958391696581
1.01365543971523,-0.7004456902491454
0.6892293538954626,0.6682194860568889
-0.8089293475640149,-0.63445838519644
-0.4178257686555816,0.4543345975796411
1.8588333740854248,0.7487364486819263
0.1190968362816286,-0.8455782284021882
-0.27085942561859255,0.655310003396316
0.8632393758989928,0.155209691481752
-1.226993411461284,-0.6106124982218759
0.5415711521301695,0.2637955196226045
-1.8540110630872806,-0.1326397669458823
-2.8515285014871217,0.38042890914533256
-0.4988700775693939,0.08374249682822876
0.27350629511747027,-0.4658198133155207
0.9010510199762525,-0.7471704421060499
1.3508472239152405,-0.9672444198925532
-0.24404351102660718,0.5995021820458826
0.16798732111122278,0.5175556757711015
-2.6511797993335127,-0.40637148292489944
-1.7683327410919756,-0.03414334605437186
-1.5570533055067177,0.744621933857708
0.6355020601939849,0.6773501987092312
0.7508408032083046,0.7681279320283527
0.18957191261293901,0.9101184056429701
0.6394949209478126,0.20199507763356173
0.055694986131048986,0.5608738126498345
0.2967026544522832,-0.7712910834834128
-0.06338559150074355,0.8742181211037638
-0.7644509551076765,0.4897565980406873
1.312824691925459,0.10215952213049206
-0.5904774783592159,-0.405590114724929
0.9670362573592649,0.2239089622242023
1.175966044568401,-0.4399966548496477
-0.3203117524176228,-0.014452448168103205
-0.3349986396890248,0.04290461364758702
-0.5327025727570935,-0.5648178151714631
0.6612964617332308,-0.7493051981542433
0.08969041522371204,-0.4022250627734736
-0.9808129218291362,0.3804202003524517
-1.5791997030483966,0.909434852142591
-0.41672473671176097,-0.22036355709640887
0.632774415483365,-0.97897119981875
-0.4451941655221309,-0.05472298491259231
-0.54678382943808,-0.1576631500461907
-0.7178525664158434,0.695862574045842
0.3461877641157234,-0.08258756147969959
0.5329812113831581,-0.2216181351386075
-0.16465446511386672,0.32689159933599354
-0.14283662233289302,-0.3822508808638907
1.0819491361665114,-0.5017949421527808
-1.9730513446828581,-0.8156225192522855
1.1093185613872854,-0.8513459159938097
0.2514860946011248,0.05516986141914493
-0.6103942851225417,0.9013533032869498
0.4859108250996228,0.07379199655554824
-1.3628122430723928,0.6114221901277428
0.6248861806321274,-0.28791718500535834
0.2690654219749231,-0.13814254412579108
-1.3456080060682818,-0.6993881250082588
-0.42941674913115496,0.9310136487565075
1.0658223988805748,0.5307007122224372
-0.9188109379593977,0.9796016484097823
0.44301410851448303,0.4313349345892863
-0.5215013942036026,0.03355673156970829
-1.233293110722419,0.7688061215431741
-0.627962978130051,0.20029081285896533
0.10824820029543915,-0.7040394285058398
1.5126817895825153,-0.6884496469120853
2.1354392921718857,0.14208298666302066
-0.6442845207079811,-0.8127480295675618
-1.8049564527808657,-0.017179849026056182
-0.19598495011595363,-0.6090203515971915
-1.1820667023766254,-0.4667284971799939
1.0868301892516572,-0.6257045270191279
1.3768520957817512,0.11001443803755251
0.2697185961558382,0.08514150601573967
2.7675274051967675,0.5443346520061363
-0.3374424292062702,0.5148368905224181
-0.5453812495619271,-0.7418110702648164
1.492853522917795,-0.322751609297218
0.28491676315135994,-0.4738319950325436
0.5478015060129172,0.7443153591781604
-0.6864200813432941,0.5730328819361004
-0.8891165809348995,-0.9262370158688749
0.5020979625721141,0.019470156067752376
-0.5672613486868724,0.3965392821913447
-0.16623230199562347,-0.5871164116957075
-0.31131632089820366,-0.6121823905021211
0.061694942571353016,0.20765433610715522
1.5153454071068833,0.7567849183038136
-1.1676819723370968,-0.14136656191582486
0.208212270178885,0.3552253216784471
-1.1111118166394762,0.4063223771616964
1.1962256065162242,0.6732776854393601
-1.3097388321947951,-0.894154459822861
-0.9079675448118327,0.8585014688742256
1.3931472998249355,-0.5846836994640827
-1.0616421764567388,-0.9840311669962358
0.3544731835598037,0.5291734669294619
-1.9691667457492084,0.2503164737732728
-2.742227167571634,0.0402683849663501
-2.231539399393278,0.9961401998145774
-0.5264936155567088,-0.5359834912003654
-0.8947525712386023,-0.539001969182308
-0.6992651645829857,-0.5281395044154744
-0.387018072301973,-0.6966178345714507
0.3055811194136367,-0.02153352980666834
0.25252991061533164,0.739392812888183
0.7033913502615218,-0.7615313315553704
1.0463877512314368,0.04273400359232671
-0.07378953485717468,0.983669754770579
0.16091722686697535,-0.008165039382146633
-0.10577706252343612,0.3748895657493907
-0.5282363252008858,0.04207313591231787
0.09632381986207862,0.9115181212056689
-1.59819367423661,0.39233362214296164
-0.5968644570902419,0.7173962762189499
-0.04052194454977454,0.2866301006819336
0.20876834884286768,-0.73819633990447
-0.3321137048123666,0.3410616883649731
1.5990767493674476,0.8087145176954365
0.9259972005327588,-0.8830069253432067
1.137627351071028,-0.758979082620628
0.5120004425586347,-0.4535486873425232
-0.5475357093091253,0.05749812816949751
0.6633812748980987,-0.953092141151924
0.6180827809975927,0.4959272298211166
-0.2476676335052201,-0.5040291727263675
-0.5135230473661364,0.0874628457363189
0.5379077807660572,-0.2225861203107622
-0.42231469013088396,-0.26456911239859027
1.7426765795807582,-0.915637015319597
-1.3601954491572057,0.7097043595620871
0.04997173487437932,0.9383699323150025
1.5753738177151664,0.4936744919833509
-0.8402315791331258,0.4423294878965749
-0.019165833235441552,0.6657313336222963
0.8116918322933817,0.8448365289551734
0.7889462237161519,0.14328925958639505
0.30921704191937005,-0.7445066869118546
2.10558553611366,-0.5000910184204392
0.7332023935229091,-0.03410336515275514
1.524752183257907,-0.31918677135516105
0.8657632067820135,0.36920185783785153
0.38530128671635505,0.7944542498698242
-0.818934159357222,0.6263680530919538
-1.4778424289765013,-0.7875154383672305
0.4285143735988395,0.35715896979239536
-0.9092139142736613,0.663109984950228
2.0097585249178413,-0.6901527505771055
0.6473560187368291,0.31924902108978626
-0.00706079195564076,0.8953001456888257
0.31250144518739364,0.6412179199855708
0.24988578507462003,-0.28784344300749987
-0.7979620807432899,-0.9946259341557235
0.9529839141795686,0.04041116178499693
-1.7373899701569544,0.19751853704164613
0.3809301384581416,0.790534602406135
0.20184890794084248,0.5932238920340738
1.6547586572398914,0.7781073913886509
-0.4534315874397467,-0.8747287396544274
1.1610439106849397,-0.833912507074462
-0.4811137423426481,0.4304649273336214
0.021853822821222186,-0.43495926975478794
0.24886247442438333,-0.5407671142222781
1.5958371388146038,-0.8554530311115189
-1.308185391549288,0.9333203027624866
-1.369213546318077,-0.8611976334719738
-0.45419808101762665,0.08808590497341995
-0.6264034237373587,-0.7455267191784518
-0.8881250839425365,0.3444555309771138
0.7895481593725721,0.9138919099758753
0.5536132783175186,-0.7415697786679791
0.08436859672910875,-0.2670216863024404
0.0803868007628263,-0.2679457698589829
-0.36809581396950436,-0.23868141159582357
0.2788757487357267,0.688781085522518
-0.27703745652698675,-0.7657517255378032
-0.9676604756143781,-0.3342282854394969
1.6294969005166453,-0.16151082531357286
-0.02757404456061825,0.9451527426139172
0.15748374864457415,0.11409161671897117
0.9444485542425963,-0.01217393818234358
0.5406214515908061,-0.47449636935640704
-0.3901761173406174,-0.14909026918045098
-0.5676659360515955,0.055958468345411516
-0.8492929920881801,0.5153012648860591
-0.16414142800214657,-0.028719929296916025
-2.0599200100908948,-0.04393377320457925
0.16850232707653187,0.1442443365189363
-0.5656624367760009,0.29169722970399814
-0.026149116150210407,-0.9521995689439042
0.553442195259824,-0.18978987350234156
-2.265402421802606,0.835746808330347
0.14769698321324956,-0.832038666027366
-0.4795459299982204,-0.9213214273310621
-1.8555673969115074,0.2622104799711611
-0.9122881046040338,-0.024632618274669227
-0.6029340807233677,-0.33952916115980547
1.0248664223153794,-0.897515761661408
-1.559568885122712,0.7605331844377592
-1.5393503959852621,0.34553444342677797
-0.5851392871330365,0.17237696327935614
0.5295315031013159,-0.641763246131462
-1.5330715669610078,0.04730073194761841
-0.3122590713631873,0.26848948060480016
-0.7939365367050456,0.12325395538094885
-0.37053172701335163,0.6012847829351287
-0.8514165103734886,0.29171512966700575
-1.5719054697364974,0.3491458723723486
0.3961421236615767,0.17877088969062305
0.1225764577952555,0.8479801475885564
1.6913679453848534,-0.02849935390207814
1.5568159283248315,0.26087272379266246
-0.274589358037648,0.7264368070692453
-0.9064188274926288,-0.509311645653711
-1.1158109241827798,-0.806117926454653
1.4373115736703694,-0.025205039940652485
-0.2945154469829434,0.4246985997337789
0.7211727673924461,-0.48378922833416627
0.9249952373313802,-0.764587687682309
1.9960709766054994,-0.5986144945661289
0.22311691478983,-0.7476220072351281
1.6846786900666901,0.4663603941679497
-0.4638519003275094,-0.2693336274986349
-2.2267831836452046,0.5850224882319939
-0.48252681178296736,0.9153201513150435
-0.9744967404010314,-0.10275368966947518
0.46530750383466674,-0.405594578978941
-0.3180689884530573,-0.959550231517436
1.529681644826381,-0.9190816781607889
-0.46647267945411425,0.7283556080764508
0.2265328316625116,-0.7699776095540443
-0.9064968836408741,-0.021767877965884752
-0.0167688750779653,-0.09034382940294705
1.5266034634863173,-0.7878198264351082
0.2855990088518578,0.3862645874192774
-0.7332058360575928,-0.5164158788767137
0.8647433109911759,0.9556496011103535
-1.8802040256692982,-0.7420935948678264
-2.113797711131597,0.9100483235267012
-0.5419363140445937,-0.47586075570077346
-0.634418081319523,0.5417852897029687
0.42673488036368157,-0.424186194169339
0.08158348816682814,0.8870333752770025
-0.7107021395508087,0.7357581667861168
1.1230336875130176,0.902106778114105
-0.020450800305567632,-0.16491375172254985
-1.1464696724152288,-0.8329822332786245
1.2396291532555859,-0.7368576511965144
-1.6718507359103967,-0.35305833714136536
0.9260904761263592,-0.5396248739988472
-0.9230485255418315,0.9557995395418573
-1.4724981283467473,-0.437356267497093
0.7247796859552925,-0.6500742024012602
-3.3831584340271306,0.6668428228039744
2.813101238373505,0.08718655206569204
-0.15098069020991428,0.8623067113206409
0.18774001210235558,-0.0034438368629738925
0.668007070545657,-0.8635476479940274
2.5542926943000768,0.899538996203362
-1.2132266853946394,-0.40792751272510697
0.3749670349950218,-0.8147962564894959
0.3894020591506064,-0.7369988189228196
-0.777959900003982,0.09200999439046798
-0.6879457415556557,0.4161118500178762
-1.6971488191692337,0.61924080307874
0.32239705122775464,-0.6345568455322423
-1.2351937190460516,0.015513302172431187
-0.7790373836423281,-0.7883770524949925
-0.1923233594603271,-0.9306545440416831
-0.9257048379228093,-0.07243860993764728
0.8767287169503049,-0.7203370803961031
0.4822822469816891,0.030077419397706917
-0.30708306256260864,0.5043166874713751
0.07395004660411712,-0.2388844912329786
-0.3954638799423068,0.9297835895688022
-0.15450280454862897,-0.07472468885464645
-0.9789296904374419,-0.45703293873308315
-0.0638237402848366,-0.85168384080112
0.32163347022479505,-0.9994552048786827
2.635509306010056,-0.4897897537403062
1.1818141020885995,0.16265883559348993
0.31261409091415876,-0.4673704023438383
0.5585643140981527,0.5234448026197136
0.26807209996375053,-0.7635436142101042
0.00882510642519841,-0.7076146909287311
-0.3762083540883391,-0.37319728832592247
-0.10979265977030873,0.7429236368993111
-0.4308248698842079,-0.2771315952643043
0.6075179788742605,0.750349213337075
2.1483626191187737,0.5462299260246799
-0.7635854518525583,0.14227140334233157
0.8995432157278327,0.7071117139738918
-0.5271739346240604,-0.9239856100862653
-0.572146807711808,-0.8093592151522144
-0.6702900860865996,-0.8844482858566585
-0.8050999296187519,-0.5798039486846158
-0.42791119667273614,-0.28497065497526974
0.4139141126445703,-0.6367209926377981
0.3972228590282735,0.4401258400848074
-1.6576149478140714,-0.2855171847339413
0.6847577431015653,0.8140384200230621
0.5766042815192178,0.48388901477531765
1.7548054979119807,0.5597021269677616
-2.341840920164816,-0.43806975579767693
0.9533161093878942,-0.504634501552889
-0.8914141206421228,-0.4562530759153225
0.6968420334840946,-0.5697711493149322
-0.7628033522789048,-0.043915889525550034
-1.7832320020678485,-0.48607288266196
0.7189631995488585,-0.16218269256002693
-0.40117562907083876,-0.591738553608268
0.3542206101038639,-0.39046436652992167
-1.4404127953664119,-0.02841972467674747
-0.20954530983734457,0.9643454341791946
-0.2151769588550656,0.2958250926503516
-0.3842705090017973,0.47664604011189904
0.7320564580582626,-0.9233100858254322
-1.2965174118083238,0.6596879516547729
-0.16790999772850168,0.19028547479358582
-1.0163959099287008,-0.3175293214765653
0.5013848217084774,0.8577023264887167
-1.0290944472354169,-0.3687486383803531
-0.031103491504493885,-0.051582294295017705
0.6976328568875995,0.7922443541838615
-1.177150038798142,-0.6254355808942156
1.6814919019738208,0.14825574951467835
-0.30910000533231813,-0.20972309147620805
-0.8062261140640894,0.26506682529336634
-0.7346273906675396,0.45901576133926136
-2.0183490645201374,-0.3442382885210815
1.0005747817944413,0.8367696498948085
-1.3109363067825253,-0.9676070886071513
1.6182664154969613,0.14900913375647673
0.5254441236198067,-0.5121782050115242
-0.7665484730068197,0.4169801098226633
-0.2789895489172811,-0.4019022834267283
0.7768518417428868,-0.9982227317200059
0.524192618282977,0.384804889966583
0.450444342550737,-0.1700727507385731
-1.289823905806827,0.2726792135211078
-0.6549489367337499,-0.02928529414685732
-1.357366922993192,0.38594484133761453
-0.8802325143563666,0.7758255502887186
-0.8147926820771427,0.06349173741844671
0.6616723635947863,-0.611468205137637
0.2964479962344769,0.5665985654406138
0.13483158801514192,-0.4948587745328181
0.37247957654810326,-0.06886426723992112
0.2498712044048683,0.4201488326692058
0.21443794459796112,0.2339549477331253
0.668389020747407,-0.11359858253616562
-0.16755895351211483,-0.7648003340786349
2.6470045227016064,-0.13915127374103453
-0.7455351788670974,-0.34365200783826166
-0.160147703674567,-0.31782657300099504
-0.04859462495306421,-0.872609527633456
-0.7696857717300926,0.42937148202976316
-0.18952987563987095,-0.08530179471456956
-2.2792523625979144,0.9705086325847674
0.8634447042254498,0.5136629053159736
-0.2657185053393243,0.47646777590086375
0.8239672215208534,-0.18858297691357295
0.7556807787080749,0.9933118965731247
-1.5642104943154709,0.8736904374861079
0.1276153329811962,0.4646398381567398
1.2710954638982799,-0.4564759187458727
-0.5170915136288229,-0.07095972642157333
-0.4500230477600935,0.8624633740554877
0.6415261408435983,0.1517385480565483
-1.7575626198947194,-0.700620220014466
1.3211436793056115,0.5128346360851048
2.3111963830220006,0.13771412460046695
2.018197833846384,-0.07353842653107456
-0.33440501566195874,0.8173124871831488
0.99055017635819,0.5526176411542467
0.44162165160945155,-0.32368357813858206
-0.7404991055299585,-0.874612697004385
-1.1537987950394442,-0.03270860380403984
0.7554958091251442,-0.8660085642536444
-0.23756310681540949,0.5377409184735058
0.5155690763469394,-0.9212241066700964
-0.7611739417075107,0.17266952078584397
-0.5865083621299758,-0.40097669917952583
-1.0435390398775115,0.2801259329520931
-0.5360338005069951,0.7936237843707015
0.7489974200387062,0.00929720339660145
-0.22015528702687318,0.19584118437768483
0.16405834153101753,-0.13143666719316438
0.333302682709607,0.9709198758769786
0.8098492279556587,-0.9031127106369297
-1.3302209291729252,0.3365047091595179
-0.5383687837285085,-0.9196551760150065
-0.47176554247244856,0.12859088699557297
-0.2851108790992196,0.8618301680638389
1.9270681227595994,0.6235190610498573
-0.08967676913250451,0.3350837407869318
-0.35371662402334236,0.8763175351617181
0.22449168662140723,-0.43517032037151204
-0.3843110437489835,-0.07480704640518443
-0.8263537197762478,0.09218075689145744
-0.6369140340467446,-0.008493969971865578
-1.0281954255127133,-0.5509620486774436
1.1258067845724866,-0.4691272095184915
0.40030996769179555,0.5176008663777385
-0.5280222616768683,-0.5432453233235668
0.29486250863066665,0.45629407981503345
0.9482201473308077,0.6779013566023038
1.2172521842348676,-0.27388096028477604
-0.7313478779466107,-0.001832758534529022
-0.47695023372487894,-0.3652075222765594
0.7315376307419318,-0.21035650308240061
-0.9276679010710185,0.8415221936317856
-0.15201351232453902,-0.10224439506234129
-0.08105423465091859,-0.47549997281666423
1.0704591860581731,0.08044933957618627
-1.1226245972442133,0.7302508914679569
1.1714471999966893,0.07660932002818832
0.08314810998528416,-0.0893941778005396
-0.25157812831398413,0.042909451900008166
0.6662904964754616,0.6114019234242449
-1.424293419709712,-0.5214547254153983
0.17501320435967074,0.8608652296814174
-0.08453073991755862,0.5288799964799915
-1.6072368044936942,-0.6463556172796041
-0.21142282493878667,0.8562650897431412
-1.4100953733225243,-0.44778275052661143
-1.1318749337605112,-0.809664951020945
1.708967041684978,0.2353259197745461
-1.6339024603949495,-0.31340802159233294
-2.0738632371840144,0.45363301108066656
-0.9468143537817754,-0.9924651026532667
0.5298623558822849,-0.602869537850339
-1.1884245275992567,0.2295350822077824
-0.16812534210160257,-0.7016278549355612
1.001050793251409,-0.12746358405763258
0.5132448699583649,0.025100862948694402
-1.2212042623167803,-0.8852539382985607
0.5504847624074979,0.6545389713644385
-0.37540774832145024,-0.5021691820295056
0.4207017104413551,0.6166502700019423
-2.0228866902324896,0.5775584796122326
-0.04506205088171566,-0.09822307749828862
-0.7422668894491165,0.6809229457902017
0.3893996497286552,0.9214233623324648
-0.47663406549374254,-0.19306129924470117
0.7634606047590298,-0.24481121976079345
1.596885566523112,0.281533172223845
-1.395014587729153,-0.8970803876885125
-1.433168250198173,-0.06032382154070293
-1.0263842166156238,0.581302147626553
-1.6327725418401096,-0.32398127535225174
-0.11203787166818299,0.4679208790779883
-0.08551142552157162,-0.26547825650919843
0.9042356680069219,0.4702037141775248
-0.4045594962152247,-0.5575590067214662
0.21591074061696197,-0.25519385973628506
1.0809337232491043,-0.6962193386667939
0.38314552669787955,0.6372588274117486
0.08820488505198351,-0.5411936517074822
-1.9484114382903164,-0.46291656970097295
1.6571901321652618,0.7572634069066637
-0.32478203539996037,-0.50044637398782
-1.1640840697191748,0.9573500332410574
-0.413529459947769,-0.6570364866723091
-2.5095981425090548,-0.9345739095621315
0.5759450615280334,-0.5428990576769119
1.0625677738005885,-0.13174748391612612
-2.2022056890078687,0.6168764982650161
-1.1086275068288611,0.6001772274316794
-0.1944156031572347,0.13270795223865717
0.527067024959837,0.5043835712751137
0.03182701024890128,0.5173561724295954
-0.06898263129593009,0.9788740893965362
-1.389583441891835,0.43063580331643014
-0.5294465753327666,0.153299927520955
-1.0163168979125805,-0.6107242779292701
2.291283890570905,-0.006130191329744461
-0.647215373559127,-0.009848285459690631
-1.2203651178417492,0.5744538917849522
0.6121876521258799,-0.3031778389876554
0.1344570719845045,0.7956695856625011
2.2627019204649996,0.8459052776041918
-1.455721277426891,-0.07890832146131355
-0.6349317714922528,0.8831503590557717
-0.11619426573658188,-0.3680514477878172
2.0659586089440665,0.3628796470695028
1.6229868521404296,0.9738268448006091
0.4125684583320947,0.3166743210417673
0.2852757302740108,-0.3194943091644724
1.7379079034649887,0.7530573271777126
1.221372408586987,-0.08871282245994982
-0.37795208915473555,-0.08664799596717532
-0.8582361538654325,-0.8675860426159436
0.1543516258360037,-0.3091950558219754
-0.45793944191798114,-0.9997998073984307
2.013644811032372,0.13468696519224443
-0.16550825218213622,0.625948695267404
0.448819185465878,0.2006216089548989
0.20656232526355625,-0.45985712843527216
2.7192459938959317,-0.5312472371564194
0.2456637560243428,-0.771409673251723
-1.2226956920443806,0.9073793731294262
-0.3766983688328498,0.6255747978938224
0.29405040184271125,0.38407448663890276
-0.4308014830410465,0.319053503449213
0.5628897489621063,-0.040837325600401986
0.4681651243300678,0.6213191221146377
0.4685641985731927,0.0035981907502598
-0.27307770040974333,0.32011970934389744
0.1270985911568289,-0.6486964636794812
-0.746057531366075,0.9063890682481472
-1.757412451150064,0.015170554757562238
-0.7214874497280859,0.7331148955232714
2.358370475351251,-0.33391647610270714
0.19603941924079937,-0.0675950269430301
-0.5428992483408273,0.4476947785366445
-0.14405861642938536,0.427109572426303
2.24387253676488,-0.5445827361916213
-2.85232486575391,-0.9776330090911118
-1.2604652846827262,-0.9836171940513256
0.849779956142525,0.65341439016704
-0.6750242297042256,-0.33497957486893726
-1.0002613477122553,-0.5653643025346407
-0.18061828603194113,0.8111162833530041
-0.5050378706497767,0.020324221013131805
-1.276476965538774,0.044549037423181836
1.9980890466947865,0.03821157174699685
0.2269089198630411,0.7399391494021088
-2.4219470685961237,0.041238600095016675
0.3897995764375108,-0.9487710796672817
0.3908906697368644,-0.27545009687719113
-0.8459826900227427,0.08190943217535418
0.34387301244023705,0.8261620603853648
1.9893266142743888,0.9886125449222909
1.2818402968716416,-0.922778882226744
-0.5203132532597475,-0.7237722127484223
-0.3888805146148524,-0.7521048751205295
-0.6788411614292272,0.9143797641449356
-0.7227384509987644,0.9918570928917576
-1.1443047810062126,-0.820828469514433
-1.0385970679042327,-0.2615727797762242
1.826611187885544,-0.9452833899108886
-0.5383222160715823,-0.15183407437281926
0.6358054835769601,0.12599118423466216
0.7100689096738806,0.5341949782105073
-0.09692071125103194,0.6499086632984525
-1.336973552107969,0.1328859549152266
0.942128431305859,-0.7462874211698962
0.12368756505411864,-0.06039001978613978
0.05243010911240239,0.3343664692534172
0.1241110511961752,-0.7008750990111015
-0.6683640782204996,0.06928040185036455
-0.44273572129618277,0.8929440983658135
-1.5814621690376307,0.24725032563027072
0.0747009397647543,-0.9461502339142547
0.17799122710934068,-0.8320407751977887
2.0377206522359,-0.05078242437144587
1.724126934747598,0.43771124640626846
-0.4753719373617806,0.23092764163797108
1.3047122649563223,-0.9939143062052451
1.9682363328317367,-0.5891459429107038
0.9395697147864626,0.7592285665096878
0.5925398795906555,0.9878336533700376
-0.2606366499361069,0.7922124428541648
-0.3909103998028876,0.2199908373522701
-0.18833726735901385,0.3016866159143332
0.8908234030975256,0.01318442049441515
-0.5181115398940574,-0.4863649625650832
0.008860551673323796,-0.22029997733669315
-0.6711565197147104,-0.46196443790602526
-0.06776251777954906,-0.20235224246177785
0.7572753050329585,0.969551347668429
-1.7778789893795692,-0.5563233390419307
0.7226538736115935,-0.6782697877943487
-1.1274239299260045,-0.3651778917959301
-2.376059718694121,0.2650493041789068
-1.2772574012462006,-0.749687546825764
-0.35118339824110506,-0.36875848168472936
-0.08916554386903287,-0.48939885021189555
0.19018052570229216,0.09026241334256757
0.9649562302897512,0.7249640944482456
-1.2204167632237681,0.6902590009905603
0.36221829515549137,-0.021001823153131483
-2.477582696451068,0.3253901307299032
0.14494784580911824,-0.3024796106356282
1.1454157290518374,0.7383131769986149
-0.26839603055240513,0.06927095221156976
-0.9715307292966017,0.17691339791789962
-1.0178888100517192,-0.298144420701574
0.6426448744352081,-0.20877484064220497
0.3359582384658462,-0.4884043271859755
1.1069572143144777,0.2698746631050146
-0.2130703907897419,0.04048106168822718
1.3032615238720804,-0.6810178231263535
-1.5651116690858473,0.4082351582165078
1.104869641445538,0.9183646064962692
-0.2740895493445773,0.05435064436975434
-1.0476700883464032,-0.5093234960997781
-1.4892692051858434,0.3123692991914646
-0.24364763892578498,-0.8578390688082422
0.38593464267535427,0.831371491368923
-0.4235888587216068,0.10429798871280282
0.1020889434832325,0.027785854413337363
0.6547023483591565,-0.3177301190124533
-1.2142680974958213,0.8388827328507658
-0.520000395467843,-0.8805066429686519
-0.010543094432854689,-0.1693112848705789
-0.3462297911587902,0.4444714181199654
0.986388597713212,-0.7672938101887057
0.6525097870990689,-0.7746837954006849
1.139513616065204,-0.6216170661712268
-0.7121773848591697,-0.5675815567848757
-0.975637658616394,0.8118764561418295
-0.7542085266947759,-0.7737309040542677
-0.48002292182355616,-0.5064409352499548
0.09976252848390275,-0.8922979116201011
0.545389936240604,0.834193555005029
-0.1287392505837508,0.7099086876541103
0.6541299618015405,0.7540287353387236
-0.2932077961371351,0.5649626381120827
1.0954478357333874,0.9316552240599039
0.7311502316524505,-0.8237853596229421
-0.8255482655120896,-0.5903317353681823
1.6947731661244634,0.3659574260536569
1.6769971415079008,0.6696267852177842
0.05580258475849959,0.6558750969385649
-0.6591385957056607,0.4631719468510318
1.020991877401136,0.6824207018562509
-0.6770439265707695,-0.1725036925500527
0.18615963307116595,-0.4600209022376478
0.6843867799059254,0.37756006715460266
0.566099892699978,0.3419843829521221
1.1984885507022243,-0.8137746680290123
0.8154463276851532,-0.2000745111034543
-0.6140108375105391,0.1607995618942697
1.4490004783181236,-0.05836900255291155
-0.13550547203588295,0.19775790894887035
0.7516853956951747,0.3896512375823207
-1.4590763800118645,-0.3102528358937351
-1.2321046800073308,-0.41100313173369796
0.8903683193787041,0.11759127058485142
0.6032361207265285,0.461957736759393
0.19475293818553566,-0.8013204976577251
0.5107965467519046,0.7674031573149693
1.5449577848407714,0.6689857222676763
-0.14278244511866606,-0.9372067421337542
-0.323737677447257,-0.32610796963622635
-0.3871416618166766,0.6794313447589386
1.286929592592098,0.3057908596007459
-1.117804782463881,0.6852234713494356
0.6230977660435942,-0.04117003492247484
1.0838348888707092,0.4616343340959206
-0.6143924404211298,0.14591930888604132
1.237725280345683,-0.06700588346933278
-1.235588116447149,0.9041145496887437
-2.4075744184872656,0.08613879531469748
0.8736877757434292,0.8101816327531153
2.002573158105902,0.5878310729373151
0.5406532003009895,0.715202824850574
0.3639153165491706,0.11500101975390908
1.760684686915703,0.6517395900597382
-0.9969478696305553,-0.4306500502768522
-0.26569149847937007,-0.08359511080164927
0.3773414629898451,0.8844786405394007
-1.853264320715777,-0.19753968755480455
-1.8191257069744535,-0.548097870487035
-0.6922786188514808,-0.4382951339247849
0.4808256798885688,0.3052649097620468
0.4598469538989516,-0.2075998278211444
-0.5691541794205114,0.3535614611607101
0.6599823492794729,0.5892295061769346
-0.34211907803004654,0.7236175066664181
0.22086355022404694,-0.06145064231194164
0.23199036333398887,0.7013953754325768
-1.4934865369416472,0.5004224915916233
0.18567215733272602,0.4199707141108824
0.9746886419686981,-0.3509898268884615
-0.7085161285491107,-0.9077507540996284
0.828223590285563,-0.2633125229962989
0.9343133724380238,-0.8078736026152897
-0.20680911404629232,-0.7593571557423415
-0.6116067960878155,-0.43944135335255186
0.6302284763737536,0.05393439790213672
0.1892456540611348,0.3303650081861267
0.36746507360926595,0.5521469556897831
-0.39916780646817634,-0.6087186172667638
1.0600504978302767,-0.7907888959707787
-0.6002558330051511,0.12542904055321102
-0.6080073835050056,-0.028585367641545734
-0.5351397452081973,0.18901299179713305
-1.519392512459978,0.6628510709641549
0.2424402770291253,0.5560278324700874
-0.8213027576668804,-0.2352952694534336
0.3479235598388048,-0.4215242115154547
0.27658833240987096,-0.31482650949335245
-0.09307515029242586,0.9239885581926259
0.8503356674403063,0.03145953001553847
-0.7834436976217175,0.5667323600755962
0.15091462103633368,-0.16362445719293905
-0.1348445962520838,0.8425633425906267
0.33510690387432157,-0.8929035107503611
-0.2225309081113417,0.7412344408198535
0.2947081818690007,-0.8488507953456812
-1.1766442877878915,-0.31934363987773673
0.8754874521133533,0.6604262741009748
-0.08186779183437147,0.7448330049640004
2.1323604370985505,0.9299184760807133
-2.1485849397977743,-0.34722299004433177
-0.4678781163074804,-0.5855218913417046
0.6151126670880975,-0.7755070500547281
-0.36982945251786925,-0.3702679334090264
0.07702589793253203,-0.4132506555122466
0.5802195851211122,0.12899675488629514
-1.7367433050793988,-0.6579616371629997
-1.5514404801799422,-0.16037366021910393
-1.30647807532576,0.28119524088797987
-0.2806687711248971,0.2605299940819772
-0.2223956789710625,0.006810558463093308
-1.1955396242162994,-0.2813684861977517
-0.26865104621772595,-0.004929984982152691
0.7881292462907384,-0.7747911956949831
-0.3684419390533179,-0.3720900677084671
-0.7741290371403587,0.5251911316249513
-0.6820921629213074,-0.5821980092196342
-0.04335206155611657,-0.23842469544829514
0.4526389198405218,-0.7902788177925741
-0.037176504849552275,-0.9351638686253423
0.5959195163710209,-0.8501394953820118
-0.5854708918422038,0.06033950748150163
0.9622111972100592,-0.3216104921608991
0.5684857434768508,0.31300809517019834
-0.3154765313541749,0.5767812917406201
-1.3952010556760892,0.0812017935344671
-1.082522369224709,-0.2153676703862939
-0.8994785822812642,0.446452823744238
0.448132814988966,0.7663661362369918
2.195594917980398,-0.09273234872472469
0.05798720523535549,-0.4269961740460382
0.9023828768271859,-0.25441950454206186
-0.2368784873351308,-0.32271031191408683
-0.6209479612942106,-0.04506367402890765
0.38860714711510375,0.9847681634121501
0.9651329669708735,-0.3139441175709057
0.049232919697362,-0.6701271538243401
-1.1411890692847282,0.5370383896462052
-1.6744590405952295,-0.42234770397710353
-1.4609232485929629,-0.3019291910441386
0.36952954871475013,0.2458439919490305
0.03802925638957206,0.10345835475444587
-1.1253220309629435,0.33382768132883567
-0.12163376154779716,0.816180981535588
-0.9556278421019032,-0.17729399186336003
-0.27572425209018625,0.22066210245060525
0.13071461302846454,-0.26389985169456986
0.1725536137700583,0.7472417896530585
1.151052588819928,0.8628319558811419
0.050583772420046,-0.008455209232194116
1.8715262039300467,0.9436601915130767
1.8963223399781495,-0.3385816912926707
