Y
0.13676667441125773
0.42439786205610774
-0.1457577467856448
-0.4504216366766488
0.9022761080099359
0.07587777812547469
0.34067553577065723
-0.5742718333388794
0.13622760669079903
-0.21181663885778068
-0.154185998043737
-0.11378588470686118
0.007795308040618593
0.6906034185696052
-0.06110032333054109
0.0719829002827223
0.8796310258195343
0.17856529119437042
0.7607908688936634
0.948212347831527
0.3677793324165031
-0.10484943781581835
0.22176246355258616
-0.12673842056155632
-1.1281945119900187
-0.36775866302539917
-0.34392670576974493
0.2249794857878602
-0.9334767423563217
-0.38750796717406916
0.18170712816559348
-0.12065238304555931
-0.011848719127888284
-0.013186191562324957
-0.30321616303482424
-0.09003320008587373
0.27352024163100774
-0.04280927791665816
-0.31798228947003715
-0.004811559211719552
0.30520692985099357
-0.21666966076164762
-0.007832238846872883
-0.605308465920754
0.5308371382939017
-0.5007797355117616
-0.06240529162526741
0.7351582968049573
-0.18742919737715902
0.18332478049233614
0.16482387417485805
-0.35667254962783823
-0.18942612274181314
0.6151755585752914
0.10117172096799736
0.007496182699728213
0.2103117615465257
-0.36591777718224766
0.39467913271047644
0.14858234981271665
0.48236579106384014
-0.5678327866931131
-0.02128555128211851
0.2891543366970501
0.4461652802662124
0.4342675095405418
0.2603875183085146
-0.4033913801093715
-0.6327819407196777
0.08503611798261781
0.05362451539904328
0.17392388960772653
0.1010691179422045
0.04380756472614315
-0.20646600403200976
-0.49494335027098857
0.34598227627139383
-0.18029079641894613
0.27342199515084015
-0.7974397428513946
-0.4345239561894523
0.12887306466504617
-0.30696258211492244
0.2163048858251317
0.22237933012045047
0.4048873784101993
0.2751000840713503
-0.26783153312883157
-0.22511464718037322
-0.11795170731122458
-0.4483874302798639
-0.12831045987076511
0.9352797967308213
-0.32535566845945074
-0.04926152865413497
0.40008418742600826
0.18634375638680017
0.1166022144551854
0.30473724765016036
0.06884247780082295
0.5551309122036178
0.2214189967102433
0.04141642744412066
0.4719197450874175
-0.2483874026594071
0.01072098554341996
0.1900112999987554
0.06388505685829257
0.11164528037963084
-0.06204279784375452
0.8816693592282187
0.46417264772933253
-1.2504815782894254
0.06787552136413118
0.24202988872577397
0.17395257812105996
-0.49108715244321555
0.010288833616193704
0.5199102931858905
-0.517608645500129
0.03193613515000668
0.6201132594324058
0.22098218353051002
0.031207809362669633
0.30689125464128
-0.10642725448721355
-0.021911006695092394
-0.5136421995803606
0.6963182965763716
0.45183206401966014
-0.1147770331977594
-0.17590941789942405
0.15232720807287325
-0.25170454375202644
-0.1331768326004986
-0.04630060722351553
0.1549508669883698
0.09069147425129573
0.07844862988685691
0.0018697234974757136
0.23524524579889444
-0.12601864614318384
-1.0298542852009978
-0.20677296376810922
-0.307688058040961
-0.7100650507341508
0.06813357736821937
-0.045493795380409915
0.027669301042166666
-0.5223063171297634
0.44168387174855
0.4919250256903166
0.22607622450395368
-0.01496146922290811
-0.26531402601356646
0.9458393831122298
-0.1368249284732761
-0.26962932556606417
-0.001753157653838766
-0.6142185876434516
-0.09682744985548822
-0.17803650294449735
-0.21023239582689576
1.113722587411418
-0.2831951273886466
-0.2508918853194742
-0.42770713779473424
0.21636593753697153
0.09119954563946668
-0.5971453556519956
0.2877221356441537
-0.893725024727471
0.0612133711640142
0.08390854279311236
-0.05573090697693389
0.40837454273507656
-0.06176063124935148
-0.08451678950962502
-0.48569785579832536
-0.2076216621958269
-0.2439804447518836
0.04436226292188472
0.3910201545649877
-0.024298310896809967
0.16660278368532727
-0.24967497717864948
0.4738687252987034
0.21207420142607378
0.8206511706806258
-0.3526974820988551
0.37530432555309773
0.11942704102359347
-0.514008200084145
-0.14632330444059932
0.06552404472646275
0.45457642445191854
0.0626938767116812
-0.44854707601784094
-0.2536628882527391
0.48286611640860555
0.08533069354163159
0.5101326270741028
-0.17978723624680182
0.3128915431100149
-0.2276593331015314
-0.1413953031446481
-0.2394708904458859
-0.26029344122151277
-0.05588848595729068
-0.6630643533752809
-0.09028763678435309
-0.08238333190976047
0.13746821339314452
0.05961976435252696
0.6559713203535675
0.28265472195087793
-0.06195158685336222
-1.1259841886247237
-1.0571385164803984
0.45315104595742994
-0.399957430932169
0.14148653652790902
0.0685713743820556
-0.7071774780675204
-0.02212484760387056
-0.11810006741458155
0.06602016342632858
0.05873746209819687
-0.23006511652212652
0.11273257632169775
0.4953606509095485
-0.01252707384032059
-0.0673326501533176
-0.07854437133380102
0.39045774513915027
-0.14549299060797866
0.4121792196855303
0.3520320453817436
-0.35227814581398403
0.3633759607852093
0.18097714719374727
0.11198076040750685
-0.20170652552856988
-0.036977485845480496
0.3111489437720657
-0.30748673133590926
0.03728348149305919
-0.42775119438483833
-0.030780576383560743
-0.5189877178092858
-0.816066349604292
-0.10013969859337624
0.23328058011159925
0.5681076047075976
0.8819729679303665
-0.2629478669305711
-0.12266417983442707
-0.8577291424858785
-0.5875821616176347
-0.38929595180487553
0.10196125611672874
-0.17632004556488665
-0.23435810756519895
0.17512112799401758
-0.14808329887704336
0.3686860124048442
-0.2771091222709938
-0.2858932810694881
0.25028374932970504
0.007368001206997696
0.16036047806647746
0.6185596675748528
-0.062373224340953826
-0.06588406310287356
0.07265415210045152
0.38308815693524256
0.13114342916107138
-0.36518226638253876
-0.5760069415680764
-0.13677205483257987
0.41447068866777537
-0.04223927158989341
-0.005705013714073247
-0.6037877938021943
0.09017749527757113
0.2234885529082331
-0.1787137225653046
0.09153195812814176
0.670702993634104
-0.12938561830529685
0.7349726227150986
0.10491687709466928
-0.3274617016837595
0.07237512614532482
-0.4361498923816357
0.1955185926534992
0.1578583399152832
-0.18503528264634997
-0.40363954909492217
0.2520170347680142
-0.4031431762231921
-0.022430969789180785
-0.28090726689697537
-0.7905272436905277
-0.139821138293097
0.24549032674838522
0.5396649167659056
0.12472887107554922
-0.06090435751429257
-0.8320456109413218
0.13292919108587758
-0.09006918380011691
0.6349117405124973
0.5565760798215019
0.052851705462746534
0.026424655714103157
-0.2606900434123761
0.10982565756737675
0.23511564485906872
0.26400675933556517
0.1025060118318652
-0.3116144800214069
-0.042592370523410195
0.12487848835213528
-0.4723467941927866
0.12454558664866257
-0.015783597363456636
-0.047165755303985285
-0.03544974327436243
-0.14687845737847097
-0.09605976853102235
-0.32191273239791995
0.2905618390254672
-0.2985313234728723
-0.6257385731538926
0.4461252283870375
-0.009362184688611663
-0.08458958801475602
-0.4328234625153793
-0.7057789727368388
-0.8449142278402063
0.12742632735828469
-0.050430066782129246
-0.18525853564766673
0.09528768667537584
0.033886086590754406
-0.09353192589094234
0.5032549932285008
0.2514263022453928
-0.314834057176797
0.08202627163455506
-0.14846856693308508
-0.10178634705381959
-0.22991842434462068
-0.5163927523456908
-0.307724857318491
-0.10012438666769678
0.25150976413429554
-0.21664451346270008
0.3329939777723431
0.3981783022502725
0.6789040920997674
0.22753620778028122
-0.19297076555087728
0.46600999729194387
-0.018040281121200846
0.07237633343995799
-0.31623572072323963
0.13974004260990913
-0.18644951694250528
1.1886445410575854
-0.4131641183755692
-0.2689981794911256
0.2590576925237633
-0.32469945128701233
-0.20163669280874555
-0.08644599565002828
0.42616987394886013
0.3692263868478941
0.6650452998377119
0.2393062616859473
0.3739627683207519
0.2517013165251122
-0.23100503313143422
-0.2744647009208673
0.06270949042339805
-0.009644843749009493
-0.6768123923592911
1.0968014622178157
0.12691978245701868
-0.2705036195717964
-0.11759931321402775
0.17161154576671728
-0.004396704826610531
0.3700783090131785
-0.33570834075211686
-0.17488672621036006
-0.15179397685522947
0.4983992874585189
0.17903933268962136
0.8306976462645588
-0.3020805362397661
0.13135658778123172
0.24647602133128926
1.0840100513442872
-0.5890057629469729
0.1764852635607467
-0.0389379598444287
0.03628802818618629
-0.28074182971839373
-0.21103405682130438
0.3537895850087811
0.09720313395408936
0.09661840740765013
-0.035396206224055426
-0.11260009694774761
0.14565755891794924
-0.12701385091035144
0.3933279139641265
-0.297237693054662
-6.481681917212823e-05
0.17974797088288721
0.20651339332051372
-0.11708299698375443
-0.11243065075276726
-0.2781316644525004
-0.0255373085872318
-0.30687695186897457
-0.008696820208131721
-0.08951238743585038
0.274859499060055
0.28312674584832237
-0.5955670916757969
0.2749914321245773
0.2678490693096405
-1.0156707095810855
-0.0176448127162042
0.03221039806861575
0.35664878643822884
-0.37169692324155407
-0.7014258436089552
-0.12369905907791445
0.24473130114820768
-0.4341279296741161
-0.22937689575265024
-0.1781272239658132
-0.26937358536728884
-0.2714159337614179
-0.4092362621132234
0.15928425299443988
-0.18508071418899427
0.8848787375584158
0.4710390387358538
-0.35806278522812895
-0.03045967354718268
-0.12678287638025498
0.377078305336892
-0.23767844964281942
0.5196810619303043
0.24134599598052575
0.5111017712906489
0.3327555187159761
0.43800577779510824
-0.028488519315446492
-0.2781613373401805
-0.30277705005207967
-0.17103497425774328
0.315121902176456
0.2569086859616969
0.4554829764556009
-0.2581509755857997
0.35375736353601356
-0.20276872269834242
0.026943639306111534
0.6984371274078662
0.029996419614309294
0.08278741383457015
0.04255918131702702
-0.0013102861191263693
-0.5702742654241634
0.10005608237654337
-0.44173640416871096
0.29282233574101046
-0.2592015230490987
-0.38071730022950967
-0.09816595099164516
0.03894283469545683
-0.04395176770089437
0.4896391568461882
-0.08081899994600916
0.5459901042358718
-0.6225097522879042
-0.3205590461463419
0.2684632300878199
-0.5266832188742783
1.2504318410427941
-0.30294526448898595
0.049305598882965575
0.31906966153894506
0.8781751585544026
-0.3124554008015064
0.36702060216537447
0.2588790904955412
-0.1553605005676643
-0.2869344086333278
-0.31184996456886105
0.2773686828151279
-0.048384279641233825
0.14861068473513772
0.18428792156790133
-0.09946484288177197
0.298357239742571
0.009575496358923472
-0.2473965514934276
0.10544754848974186
-0.39321795054930975
-0.05395526918692257
-0.15165242366722814
0.24267234420822595
0.42220699426982894
0.8906464397954742
0.25339901788807484
0.3549448135927976
-0.042596333806020084
0.2665394665585004
0.21488204116722456
0.0024764265389151524
-0.25396564452298187
0.0355599962256501
-0.09819312120833823
0.48337445092274267
-0.28639890898140036
-0.17444169712546778
0.111582996787706
0.11000565367411158
0.16129092300864437
-0.28728282886991885
-0.06273702747980699
0.3433909619070702
-0.04980939795174083
-0.3132586742855166
-0.053862337724385784
0.013738724351174236
0.19155034440800517
-0.9264496573788698
0.6457977717686478
-0.11384350827504056
0.4089254199482887
-0.1530659998063863
-0.1900657390306396
0.38850086814889195
0.06545068749996479
0.2760871281128354
-0.291925793908439
-0.37241401103023086
-0.1246092064960771
-0.244225309922275
0.4140482836955669
-0.6688495800419272
-0.1703766541353838
0.014460511631292264
-0.16891675746386692
-0.5129357074404222
0.008520090154561549
0.16580322936757433
-0.07185357510667481
0.4660280093626206
-0.08871052522103577
-0.31267399492732806
-0.40918875067126625
-0.4596726456003768
0.38194560347064255
-0.19219465822166232
0.46671615509828496
0.3305410590276183
-0.1406215665325658
0.03938212113923427
0.33692837621007926
-0.035768465159601026
0.34953851903876554
-0.3442973075350863
-0.05233570948219086
-0.4251446184475951
-0.3250055832046903
-0.2126958679574628
0.28091156217908175
-0.04162495400850513
0.1850948578424766
0.16243710233043823
-0.007465978497975784
0.007846217158019878
0.18833877524917755
0.17011478575713804
0.9675343342573449
0.04973764580374797
0.05038281978763451
0.23043104497511777
-0.2714581280744738
-0.06431106236827651
-1.3628218064764757
0.05989468805831022
-0.18050084342690675
0.3672587718412985
-0.07311183845765465
-0.8352272849074744
-0.10177916962129871
0.41253389802547236
-0.12457235090698587
-0.46512020545644595
0.032180541806053224
-0.09964875748095828
0.2581748933245436
0.044842031066338696
0.2661842419384761
-0.2641745200493411
0.12801218963452324
0.0981315080262061
0.042100698524782654
-0.5114919616767744
0.32097155469047156
-0.23004198574527196
0.3397338112388708
-0.4289606671248019
0.07246607855679768
-0.2198417669370426
-0.3581993152928561
0.45283863173123856
-0.16424184271653686
0.06242950538617902
-0.05676392928300164
0.5172151965639509
-0.7149692857554596
0.12064198775762455
-0.11997087714646029
-0.4006066159687942
0.49762797834553785
-0.1314337896402678
-0.31646419348327914
0.18022320483773854
-0.05799158546889027
-0.3158345380246711
-0.22836125660207077
-0.23231473415976334
0.16574673158728753
0.09099207600856174
0.10734312273273805
-0.06954393211044332
0.1610968051691928
0.5475124922596993
-0.32665711942736775
-0.019964398074526962
0.12099398764380148
-0.3454139394564823
-0.05932540067547932
0.13220159956019462
0.4299621642133876
-0.4571350007705991
0.41822865690632044
0.05171804928352615
-0.12424610499190997
-0.0031598032823440814
-0.2312784711070716
-0.2046769384531818
-0.17401628985101242
0.03991123239661265
-0.29216497891391224
-0.40224091995505307
0.2293663148178213
0.009196269157500714
-0.1635010122554274
-0.348420403808125
0.19291052847511303
0.4490868616430043
-0.7001776918030977
0.166662041151459
0.30072079828363435
0.1973350390845732
0.028647060190421264
0.08956003002109766
0.002221181625456231
-0.13253731462594404
-0.6383789143086938
0.01907150465748346
-0.2956965276409439
-0.14415809555741232
0.012453517768425203
0.38863155720089143
0.7687963519433165
0.09142518889189621
-0.08981965375897225
-0.5217522542241302
-0.6248369179538793
-0.1735103379654105
0.07652286386296236
-0.05567575140539467
0.04507579297028251
0.10163670902133641
0.6099590824588947
-0.020975383657910823
0.16998843935886038
-0.4970006250702702
0.3472310696253781
0.09047681069481298
-0.4837491413839483
0.08760173121313504
-0.8613168930947435
0.26280239987134857
0.1341082435899654
-1.5404539303374587
-0.3784496055401234
-0.08197555518059765
0.03672351710565047
-0.15045158793021207
-0.3202539955209386
-0.23522502967521125
-0.2936748174001869
-0.41622814347328657
0.515518286235102
-0.3493174545777911
-0.8653261149905287
0.268399610454674
-0.19656078953568157
0.2601579705151517
-0.5002878850137691
-0.5846115224318371
0.09349556741617726
1.0021192007726067
-0.021870488937146326
0.0594154711493006
0.16434764437828614
0.34527563394904015
0.5806357696990092
-0.040413805591051524
-0.020452840717506027
0.12484687808795089
0.20296197309390585
0.777776001894298
-0.25581605634324134
-0.01701364617742014
0.2049059080302726
0.8652003873027108
0.24248242415614596
-0.8816222808940808
-0.2825148949279604
-0.0673551367683497
-0.22147807133746628
0.41196077424333166
0.06776089814772218
0.12015610050972036
-0.19238396779333655
0.2292784892906341
-0.492145092024061
-0.18017767828464035
-0.2495939306745967
0.8857174380812658
0.06918777575634594
-0.21486398831432163
-0.2146871585695811
0.4067245797647413
-0.5938462397497128
-0.17074266790942272
0.14345600646123557
-0.056750366524281504
-0.2401060126404387
-0.2525751893448833
-0.16890518811524124
-0.360838523461837
0.6703394218822213
-0.16527027772080982
-0.5990117516384967
0.43459711299248394
0.268197230459406
-0.13087778868077585
-0.07511949547537064
-0.09944864439009526
0.43993741175281115
-0.05103736578207732
-0.010279799597457145
-0.4046511031436807
-0.710209055438827
0.15228258668372638
-0.2702261676961455
0.5838638377430216
-0.04966377330810436
0.10546988790697134
0.04139658829584614
-0.20561775785739878
-0.5281248108924329
0.5936281290041981
0.05622731633601204
-0.07278211177026739
0.23172332971175147
-0.13304765099418295
-0.36387993133099306
-0.8924686918775975
0.29844849654775907
0.2692963635624369
0.7786859119822406
-0.0007498577010226215
-0.24364701639315411
0.5269071055868898
0.5423001257227927
0.11456748527096311
-0.03648697140385876
-0.27886791758186147
-0.1284496818343
-0.16107732687120527
0.5847158725460534
0.02632333769775934
0.07157142043784476
-0.04133918063651759
0.05604100902472632
-0.029791774550796235
-0.7680276436599877
0.3278804030766151
-0.3686362252078039
-1.3072493841522073
-0.6937609016342136
-0.0051827435842039665
0.1187104049406568
-0.004342086323531533
-0.1821460520058707
-0.6901567911640041
0.18374246204787312
-0.12566841601167478
0.12689860659374
-0.137667748276582
-0.12837234568802025
-0.43692596835691544
-0.10291216343182662
0.23866395907300647
0.24775889485556546
0.11783816070781787
-0.08986773399211147
0.6118661242953624
-0.2614315666846617
-0.2428700736786844
-0.04531501362454249
-0.09630433505015853
-0.633903199659734
0.09084901165441134
-0.1388551520695706
-0.33880859529695373
0.016975490335156128
0.24953841032297938
-0.49189165717125405
0.022032403059113803
0.048586524249841355
-0.3502324104432973
0.46928001840068906
0.2628726513642955
0.7376219229254886
0.11887365956127097
-0.6721049236434704
0.1547187610177994
-0.0024506097989207
0.35748820530735786
-0.062036236367526476
-0.22274290825892906
0.09212766837063752
-0.2535431130476492
0.18548067461409645
0.5055609990789789
-0.13100312946641293
0.038692539107046425
-0.10256656140693896
-0.18251720583535427
-0.24240572915862757
0.40452897236161345
-0.09661389231427503
0.18474102614768823
-0.06527903644196821
0.09150998390987948
0.5001213129993332
0.17988869448838568
-0.25677165929651424
0.4305213931922403
-0.10907432761113611
0.07281288172123244
-0.7112314367170114
-0.2605757104007848
0.2867221549167497
0.07066435912240845
0.3276178139787529
-0.030222777999694472
0.4873231092159489
0.24329168494428657
-0.07618235081734784
-0.27158277791986024
0.09950068607828708
-0.6667490665283644
0.23708201111127075
0.0662511396572934
-0.11101232451016896
0.6106490144335904
-0.7160196855745221
-0.29855496302570367
0.1788379577086745
0.14081261339036738
-0.17122483003622882
0.1549020336814721
0.009085813391826514
-0.1365482259982078
-0.12633987550894307
-0.21457368100226049
-0.5226538177929656
-0.6394615404359865
0.05026780614729248
0.10901516190891532
0.2242826037881631
-0.22477308390535522
-0.011030388327083057
-0.3553407215011382
0.06363799300864822
-0.19248995074607636
-0.6099399308418183
-0.06543288905361888
0.16055282866045908
0.07127490853749385
0.08479667376480457
0.35562880400746505
0.14814134498972154
-0.11288904225719934
0.06367305115492822
-0.07084011643806926
0.02129453275590848
0.1521612856427401
0.8960251977951382
-0.22953676618875532
-0.1831651827034249
-0.27156441330207376
-0.31273000024159503
-0.06861415300193037
-0.2520078423044243
0.1785858831057666
0.1775178451448066
-0.31362683721942164
0.19464841752481202
-0.6155466481647656
0.10784790125573634
-0.2617232233978571
0.36643440392452264
-0.2720720068058342
0.2739497240158152
-0.05850541175721502
0.11395477739499715
-0.23281688669199577
0.6231876275022414
-0.2094737671777981
0.021229546551394224
0.34378341153009007
-0.005630570352754952
0.14918524782255319
0.04701060462377924
-0.48737925814129845
-0.4832035402592694
-0.21687066912219405
-0.15496619739041584
-0.030448366417904417
-0.1396607262664289
-0.06307361353963872
0.47503526179213595
0.051547040856224934
-0.32348865248231157
0.042930284756080545
0.05001677387254073
0.3492655522589217
0.27779965300244847
0.6076151438965607
-0.28831909540143996
0.5591951344911419
0.06039163914714922
-0.24983147969527225
-0.6431887103987954
-0.4438577293897975
-0.25551455980582327
-0.09630977109393823
1.1315564959491715
0.15793769337729213
0.3330511793955454
0.05534193522314826
-0.042662177852596773
-0.24749154885826283
0.4419964789307537
0.21749294036563943
-0.32068150871035683
-0.35128607757236074
-0.3311976642620048
0.11311467989465569
-0.029170902729429113
-0.19190173794427562
-0.3016838731022387
-0.23758649043294877
-0.11920054385595973
0.13170275354466907
-0.16861575614689128
0.2974545660459329
0.025482874169467755
0.027612111413201967
0.8681109093430371
